0 165 
166 254 
255 419 
420 507 
508 899 
900 1080 
1081 1131 
1131 1182 
1183 1362 
1363 2331 
2331 2460 
2461 2582 
2583 2716 
2717 3149 
3150 3243 
3244 3284 
3285 3556 
3557 3624 
3625 3684 
3685 3728 
3729 3774 
3775 3813 
3814 3848 
3849 3884 
3885 3996 
3997 4026 
4027 4084 
4085 4139 
4140 4234 
4235 4349 
4350 4491 
4491 4733 
4734 4843 
4844 5332 
5333 5610 
5611 5757 
5758 5951 
5951 6145 
6146 6308 
6309 6856 
6856 6860 
6861 6971 
6972 7048 
7049 7458 
7459 7591 
7591 7595 
7596 7674 
7675 7843 
7844 7878 
7879 7939 
7940 7993 
7994 8026 
8027 8080 
8081 8120 
8121 8154 
8155 8184 
8185 8215 
8216 8281 
8282 8317 
8318 8372 
8373 8510 
8510 8681 
